N: 15 x: [14, 11, 13, 2, 7, 8]
N: 21 x: [10, 16, 2, 17, 5, 13]
N: 33 x: [16, 26, 25, 4, 28, 2]
N: 35 x: [27, 13, 18, 22, 3, 9]
N: 39 x: [2, 17, 4, 37, 25, 11]
N: 45 x: [23, 13, 8, 34, 16, 41]
N: 51 x: [29, 8, 26, 35, 37, 49]
N: 55 x: [36, 19, 42, 13, 27, 4]
N: 57 x: [10, 25, 23, 52, 37, 53]
N: 63 x: [55, 25, 34, 40, 26, 17]
N: 65 x: [37, 33, 48, 2, 14, 51]
N: 69 x: [38, 11, 64, 55, 25, 29]
N: 75 x: [26, 8, 13, 7, 34, 56]
N: 77 x: [19, 39, 29, 71, 62, 23]
N: 85 x: [11, 47, 83, 82, 69, 44]
N: 87 x: [38, 53, 11, 23, 47, 31]
N: 91 x: [27, 53, 6, 68, 4, 51]
N: 93 x: [70, 85, 13, 52, 40, 2]
N: 95 x: [26, 21, 2, 88, 3, 54]
N: 99 x: [79, 89, 2, 85, 35, 34]
N: 105 x: [2, 89, 13, 38, 17, 32]
N: 111 x: [2, 97, 52, 49, 50, 65]
N: 115 x: [107, 98, 42, 57, 7, 2]
N: 117 x: [5, 103, 55, 85, 101, 88]
N: 119 x: [30, 20, 12, 92, 61, 86]
N: 123 x: [16, 40, 35, 94, 122, 14]
N: 129 x: [4, 100, 53, 61, 11, 110]
N: 133 x: [8, 116, 46, 75, 121, 18]
N: 135 x: [62, 68, 28, 133, 113, 109]
N: 141 x: [28, 2, 43, 38, 26, 73]
N: 143 x: [136, 41, 51, 63, 125, 102]
N: 145 x: [99, 117, 126, 123, 47, 78]
N: 147 x: [130, 5, 11, 4, 2, 25]
N: 153 x: [14, 82, 53, 50, 29, 106]
N: 155 x: [88, 112, 84, 21, 139, 46]
N: 159 x: [40, 92, 139, 19, 31, 122]
N: 161 x: [66, 113, 27, 76, 79, 132]
N: 165 x: [64, 7, 19, 128, 28, 161]
N: 171 x: [142, 140, 119, 98, 166, 55]
N: 175 x: [58, 23, 33, 43, 54, 169]
N: 177 x: [61, 124, 137, 67, 46, 2]
N: 183 x: [142, 46, 17, 37, 182, 74]
N: 185 x: [92, 136, 149, 14, 6, 141]
N: 187 x: [98, 145, 141, 56, 109, 14]
N: 189 x: [172, 106, 128, 61, 26, 103]
N: 195 x: [19, 74, 97, 173, 106, 136]
N: 201 x: [77, 125, 181, 161, 79, 163]
N: 203 x: [158, 124, 81, 156, 186, 100]
N: 205 x: [16, 186, 64, 36, 114, 119]
N: 207 x: [145, 136, 59, 47, 125, 37]
N: 209 x: [203, 141, 82, 94, 97, 147]
N: 213 x: [22, 202, 166, 88, 11, 176]
N: 215 x: [156, 57, 128, 144, 82, 116]
N: 217 x: [38, 100, 180, 213, 108, 205]
N: 219 x: [97, 179, 191, 41, 52, 113]
N: 221 x: [70, 98, 152, 97, 87, 76]
N: 231 x: [155, 109, 53, 65, 16, 73]
N: 235 x: [211, 8, 36, 232, 148, 6]
N: 237 x: [187, 197, 152, 106, 94, 149]
N: 245 x: [151, 118, 166, 61, 243, 223]
N: 247 x: [220, 109, 172, 36, 219, 199]
N: 249 x: [199, 224, 40, 95, 46, 197]
N: 253 x: [240, 108, 227, 203, 56, 13]
N: 255 x: [229, 49, 137, 13, 14, 197]
N: 259 x: [11, 250, 127, 251, 52, 121]
N: 261 x: [109, 175, 193, 236, 11, 214]
N: 265 x: [234, 222, 248, 101, 93, 22]
N: 267 x: [32, 161, 226, 169, 250, 112]
N: 273 x: [53, 244, 265, 241, 229, 103]
N: 275 x: [47, 228, 168, 148, 254, 19]
N: 279 x: [103, 14, 38, 229, 128, 89]
N: 285 x: [197, 187, 46, 7, 112, 227]
N: 287 x: [36, 247, 11, 230, 5, 275]
N: 291 x: [241, 238, 239, 31, 256, 89]
N: 295 x: [277, 242, 49, 183, 42, 262]
N: 297 x: [185, 191, 173, 124, 277, 146]
N: 299 x: [56, 71, 4, 3, 122, 85]
N: 301 x: [274, 136, 236, 12, 233, 246]
N: 303 x: [29, 98, 280, 125, 206, 232]
N: 305 x: [254, 288, 38, 78, 276, 258]
N: 309 x: [272, 221, 229, 50, 185, 178]
N: 315 x: [104, 271, 253, 173, 293, 73]
N: 319 x: [271, 161, 12, 114, 42, 194]
N: 321 x: [242, 245, 256, 83, 293, 167]
N: 323 x: [191, 307, 320, 178, 89, 219]
N: 325 x: [107, 74, 87, 141, 158, 148]
N: 327 x: [295, 311, 94, 293, 55, 254]
N: 329 x: [113, 18, 264, 207, 225, 255]
N: 333 x: [280, 196, 271, 190, 103, 320]
N: 335 x: [84, 206, 156, 23, 147, 36]
N: 339 x: [277, 314, 149, 275, 301, 215]
N: 341 x: [273, 200, 126, 85, 2, 13]
N: 345 x: [202, 67, 337, 19, 131, 197]
N: 351 x: [71, 73, 122, 218, 179, 281]
N: 355 x: [293, 219, 259, 3, 109, 311]
N: 357 x: [134, 160, 155, 142, 263, 46]
N: 363 x: [26, 359, 272, 181, 221, 83]
N: 365 x: [4, 211, 341, 253, 142, 294]
N: 369 x: [163, 17, 299, 353, 68, 55]
N: 371 x: [268, 249, 164, 141, 73, 135]
N: 375 x: [289, 137, 169, 173, 208, 292]
N: 377 x: [115, 72, 335, 264, 211, 205]
N: 381 x: [209, 182, 358, 59, 235, 335]
N: 385 x: [369, 368, 149, 8, 94, 164]
N: 387 x: [217, 365, 338, 26, 44, 130]
N: 391 x: [150, 199, 10, 11, 216, 99]
N: 393 x: [370, 260, 391, 379, 286, 277]
N: 395 x: [118, 231, 129, 143, 393, 18]
N: 399 x: [163, 143, 281, 32, 344, 61]
N: 403 x: [336, 96, 135, 304, 100, 57]
N: 405 x: [28, 226, 97, 274, 193, 259]
N: 407 x: [293, 144, 129, 354, 249, 171]
N: 411 x: [130, 281, 163, 338, 364, 296]
N: 413 x: [310, 381, 330, 208, 111, 108]
N: 415 x: [61, 151, 289, 218, 58, 217]
N: 417 x: [340, 178, 358, 355, 127, 59]
N: 423 x: [13, 322, 241, 415, 143, 49]
N: 425 x: [369, 256, 362, 234, 93, 14]
N: 427 x: [145, 362, 22, 174, 395, 20]
N: 429 x: [322, 425, 218, 184, 203, 172]
N: 435 x: [211, 106, 322, 118, 113, 46]
N: 437 x: [319, 162, 193, 287, 84, 71]
N: 445 x: [377, 44, 166, 126, 254, 56]
N: 447 x: [424, 242, 73, 379, 208, 383]
N: 451 x: [419, 422, 344, 299, 393, 215]
N: 453 x: [281, 116, 391, 100, 293, 352]
N: 455 x: [198, 148, 181, 396, 404, 201]
N: 459 x: [160, 358, 377, 133, 248, 400]
N: 465 x: [173, 433, 206, 182, 211, 304]
N: 469 x: [102, 31, 130, 264, 144, 314]
N: 471 x: [338, 412, 404, 374, 386, 440]
N: 473 x: [93, 79, 463, 252, 410, 53]
N: 475 x: [316, 58, 23, 21, 457, 434]
N: 477 x: [335, 166, 407, 67, 431, 262]
N: 481 x: [230, 172, 310, 258, 368, 472]
N: 483 x: [61, 470, 277, 160, 439, 128]
N: 485 x: [122, 186, 297, 277, 476, 231]
N: 489 x: [373, 187, 146, 310, 293, 251]
N: 493 x: [25, 326, 112, 200, 325, 78]
N: 495 x: [416, 389, 116, 287, 46, 146]
N: 497 x: [480, 360, 107, 223, 440, 390]
N: 501 x: [205, 289, 380, 142, 425, 226]
N: 505 x: [178, 99, 228, 147, 442, 233]
N: 507 x: [73, 463, 20, 314, 280, 248]
N: 511 x: [66, 260, 271, 366, 267, 354]
N: 513 x: [467, 14, 140, 172, 398, 341]
N: 515 x: [438, 124, 179, 368, 303, 407]
N: 517 x: [60, 324, 96, 30, 204, 510]
N: 519 x: [464, 13, 212, 172, 178, 101]
N: 525 x: [344, 116, 376, 197, 53, 361]
N: 527 x: [431, 430, 38, 216, 424, 183]
N: 531 x: [215, 38, 289, 442, 173, 328]
N: 533 x: [264, 479, 292, 94, 513, 201]
N: 535 x: [386, 294, 289, 253, 448, 8]
N: 537 x: [320, 262, 85, 431, 437, 244]
N: 539 x: [46, 412, 144, 311, 442, 353]
N: 543 x: [407, 286, 298, 232, 290, 226]
N: 545 x: [488, 457, 543, 194, 469, 378]
N: 549 x: [130, 200, 430, 196, 442, 208]
N: 551 x: [480, 28, 276, 478, 415, 13]
N: 553 x: [344, 401, 174, 433, 346, 65]
N: 555 x: [62, 379, 401, 4, 107, 464]
N: 559 x: [422, 141, 188, 37, 296, 485]
N: 561 x: [151, 536, 274, 38, 2, 398]
N: 565 x: [222, 316, 523, 478, 354, 73]
N: 567 x: [386, 239, 272, 335, 359, 542]
N: 573 x: [475, 89, 307, 526, 487, 2]
N: 575 x: [326, 204, 28, 41, 17, 201]
N: 579 x: [91, 377, 521, 5, 431, 4]
N: 581 x: [216, 543, 388, 82, 486, 87]
N: 583 x: [107, 40, 104, 140, 412, 346]
N: 585 x: [499, 97, 232, 7, 61, 44]
N: 589 x: [453, 268, 12, 504, 286, 249]
N: 591 x: [58, 187, 31, 410, 458, 406]
N: 595 x: [363, 139, 478, 19, 22, 556]
N: 597 x: [157, 55, 509, 68, 328, 35]
N: 603 x: [181, 287, 461, 449, 496, 491]
N: 605 x: [559, 281, 412, 272, 98, 4]
N: 609 x: [118, 158, 121, 310, 569, 529]
N: 611 x: [302, 579, 207, 135, 480, 186]
N: 615 x: [62, 19, 143, 448, 77, 382]
N: 621 x: [454, 151, 277, 358, 614, 50]
N: 623 x: [619, 353, 492, 580, 443, 268]
N: 627 x: [160, 158, 326, 470, 412, 214]
N: 629 x: [381, 388, 570, 386, 403, 66]
N: 633 x: [605, 449, 424, 503, 115, 112]
N: 635 x: [506, 448, 24, 18, 84, 546]
N: 637 x: [346, 412, 66, 81, 305, 228]
N: 639 x: [371, 206, 289, 365, 442, 547]
N: 645 x: [11, 631, 154, 331, 44, 467]
N: 649 x: [448, 21, 123, 470, 101, 169]
N: 651 x: [640, 373, 335, 268, 311, 218]
N: 655 x: [186, 284, 181, 423, 218, 6]
N: 657 x: [593, 164, 539, 218, 191, 344]
N: 663 x: [7, 158, 568, 269, 101, 583]
N: 665 x: [501, 451, 436, 223, 22, 622]
N: 667 x: [480, 559, 393, 56, 108, 512]
N: 669 x: [23, 142, 262, 427, 442, 595]
N: 671 x: [128, 420, 494, 564, 178, 640]
N: 675 x: [301, 254, 49, 599, 196, 292]
N: 679 x: [370, 85, 656, 484, 477, 618]
N: 681 x: [598, 580, 226, 571, 514, 568]
N: 685 x: [256, 234, 383, 31, 244, 646]
N: 687 x: [332, 551, 44, 190, 440, 577]
N: 689 x: [51, 306, 76, 295, 556, 131]
N: 693 x: [31, 106, 520, 386, 401, 367]
N: 695 x: [16, 164, 428, 201, 492, 319]
N: 697 x: [366, 235, 613, 535, 209, 482]
N: 699 x: [446, 448, 427, 214, 232, 410]
N: 703 x: [3, 328, 474, 376, 611, 93]
N: 705 x: [8, 149, 29, 626, 161, 689]
N: 707 x: [596, 240, 384, 300, 565, 338]
N: 711 x: [664, 199, 448, 305, 215, 230]
N: 713 x: [703, 37, 15, 669, 505, 675]
N: 715 x: [46, 582, 518, 622, 179, 547]
N: 717 x: [451, 272, 208, 172, 409, 529]
N: 721 x: [514, 72, 208, 633, 614, 25]
N: 723 x: [563, 401, 97, 217, 527, 571]
N: 725 x: [546, 449, 602, 557, 97, 644]
N: 731 x: [171, 658, 426, 140, 2, 417]
N: 735 x: [628, 418, 622, 241, 394, 74]
N: 737 x: [556, 315, 68, 338, 450, 379]
N: 741 x: [326, 514, 319, 700, 623, 625]
N: 745 x: [726, 259, 119, 329, 428, 358]
N: 747 x: [560, 293, 140, 364, 700, 556]
N: 749 x: [527, 275, 569, 223, 491, 485]
N: 753 x: [244, 163, 622, 730, 155, 640]
N: 755 x: [456, 233, 487, 189, 134, 688]
N: 759 x: [169, 211, 157, 173, 509, 602]
N: 763 x: [93, 50, 415, 529, 33, 643]
N: 765 x: [8, 328, 728, 212, 406, 218]
N: 767 x: [145, 497, 109, 224, 616, 670]
N: 771 x: [440, 115, 32, 478, 29, 307]
N: 775 x: [493, 768, 276, 579, 582, 138]
N: 777 x: [158, 755, 10, 305, 451, 692]
N: 779 x: [678, 461, 55, 758, 728, 763]
N: 781 x: [668, 705, 239, 415, 452, 258]
N: 783 x: [526, 361, 721, 5, 775, 7]
N: 785 x: [279, 652, 32, 26, 183, 296]
N: 789 x: [320, 580, 247, 13, 637, 59]
N: 791 x: [142, 60, 655, 160, 375, 568]
N: 793 x: [206, 596, 722, 683, 470, 198]
N: 795 x: [514, 383, 154, 562, 274, 218]
N: 799 x: [436, 472, 366, 50, 224, 764]
N: 801 x: [721, 698, 322, 724, 80, 785]
N: 803 x: [65, 525, 71, 697, 689, 733]
N: 805 x: [166, 524, 123, 124, 38, 128]
N: 807 x: [566, 659, 406, 503, 766, 529]
N: 813 x: [667, 310, 566, 298, 247, 608]
N: 815 x: [241, 356, 676, 748, 129, 731]
N: 817 x: [203, 77, 799, 176, 480, 710]
N: 819 x: [409, 178, 116, 617, 328, 176]
N: 825 x: [346, 34, 421, 559, 442, 608]
N: 831 x: [173, 350, 439, 782, 323, 263]
N: 833 x: [521, 337, 428, 568, 19, 107]
N: 835 x: [812, 407, 54, 291, 511, 99]
N: 837 x: [436, 530, 130, 824, 254, 7]
N: 843 x: [86, 425, 611, 737, 37, 79]
N: 845 x: [368, 297, 279, 617, 158, 462]
N: 847 x: [344, 732, 446, 423, 136, 379]
N: 849 x: [673, 104, 350, 721, 437, 229]
N: 851 x: [684, 843, 280, 767, 498, 311]
N: 855 x: [98, 613, 559, 206, 574, 682]
N: 861 x: [311, 857, 431, 794, 706, 212]
N: 865 x: [663, 92, 393, 791, 397, 744]
N: 867 x: [352, 844, 376, 110, 515, 766]
N: 869 x: [12, 182, 116, 404, 52, 808]
N: 871 x: [665, 318, 207, 113, 36, 551]
N: 873 x: [256, 473, 247, 568, 50, 814]
N: 875 x: [627, 194, 136, 821, 383, 214]
N: 879 x: [601, 728, 691, 769, 191, 493]
N: 885 x: [647, 853, 698, 451, 773, 194]
N: 889 x: [261, 741, 688, 655, 145, 466]
N: 891 x: [874, 518, 508, 697, 883, 118]
N: 893 x: [192, 234, 66, 221, 588, 236]
N: 895 x: [729, 543, 726, 279, 519, 531]
N: 897 x: [718, 284, 862, 691, 889, 824]
N: 899 x: [645, 132, 69, 771, 382, 654]
N: 901 x: [668, 156, 115, 787, 69, 584]
N: 903 x: [586, 806, 80, 601, 113, 494]
N: 905 x: [853, 739, 308, 897, 14, 369]
N: 909 x: [851, 403, 361, 130, 343, 298]
N: 913 x: [237, 378, 738, 772, 842, 610]
N: 915 x: [259, 622, 448, 158, 844, 227]
N: 917 x: [912, 165, 571, 741, 176, 666]
N: 921 x: [515, 398, 161, 415, 406, 338]
N: 923 x: [842, 446, 129, 857, 895, 751]
N: 925 x: [889, 36, 424, 682, 203, 104]
N: 927 x: [13, 805, 601, 262, 418, 671]
N: 931 x: [5, 470, 766, 344, 414, 887]
N: 933 x: [394, 748, 485, 884, 251, 88]
N: 935 x: [361, 657, 852, 549, 761, 652]
N: 939 x: [251, 151, 157, 347, 455, 31]
N: 943 x: [794, 117, 475, 599, 55, 616]
N: 945 x: [638, 122, 832, 668, 88, 842]
N: 949 x: [762, 424, 378, 268, 375, 660]
N: 951 x: [523, 280, 770, 581, 632, 700]
N: 955 x: [826, 879, 29, 504, 519, 579]
N: 957 x: [103, 389, 640, 574, 304, 109]
N: 959 x: [505, 351, 591, 368, 743, 34]
N: 963 x: [43, 830, 446, 217, 266, 293]
N: 965 x: [903, 348, 752, 763, 283, 819]
N: 969 x: [922, 535, 151, 388, 91, 695]
N: 973 x: [146, 841, 277, 26, 285, 526]
N: 975 x: [418, 203, 929, 913, 916, 323]
N: 979 x: [122, 19, 79, 315, 188, 309]
N: 981 x: [626, 385, 529, 259, 346, 136]
N: 985 x: [963, 29, 434, 308, 367, 564]
N: 987 x: [617, 785, 569, 275, 184, 211]
N: 989 x: [53, 515, 539, 523, 776, 321]
N: 993 x: [677, 527, 257, 740, 473, 521]
N: 995 x: [908, 569, 527, 653, 862, 649]
N: 999 x: [263, 262, 104, 499, 782, 700]
